


738 11 117 46 5 1144 125 793 766 0 236 447 542 566 1159 712 1146 699 314 464 870 900 738 1268 1080 135 317 1281 1217 480 223 178 1060 594 968 1056 312 356 591 466 1061 142 676 1110 1274 1170 903 771 192 416 819 748 1375 1085 1199 610 1158 517 659 955 319 869 139 472 1103 717 735 1028 350 1039 402 115 594 100 805 1083 1000 113 828 354 267 219 594 210 785 250 516 1070 383 607 274 139 148 1115 482 1085 545 399 1276 259 104 1144 978 307 1083 728 329 1163 668 205 269 270 1185 221 1375 579 1193 1036 1057 242 796 599 325 350 1195 472 1248 1408 95 529 14 237 940 899 1367 171 1085 370 472 51 859 1109 586 210 972 451 1264 316 14 421 1097 64 370 932 942 1124 1287 636 733 310 1116 971 1055 992 1194 416 83 1195 877 954 644 511 1304 909 354 257 973 1393 278 611 715 789 1340 1024 1332 996 3 669 1234 686 536 369 1065 416 1249 1391 1261 1043 959 441 815 547 1391 1075 770 1346 613 292 1244 84 928 401 504 922 353 1064 1186 970 280 648 549 355 110 840 904 926 1342 453 1147 381 143 323 1097 24 1403 750 828 116 926 1077 343 239 1319 1037 670 1333 1127 1041 451 1390 1407 300 547 1102 1109 901 
999 596 1313 50 783 911 1249 1071 685 1093 443 862 1054 922 145 722 832 1173 446 14 202 943 758 145 580 931 1259 388 712 400 1383 1347 771 39 477 438 581 1217 919 1293 426 519 772 1068 354 855 306 473 1048 1376 808 851 122 208 49 310 736 348 75 511 860 1027 123 733 893 574 499 1116 548 578 1307 462 239 702 1228 54 1040 861 776 556 512 316 1186 1110 545 409 1392 1048 933 1116 554 402 675 1401 500 1063 3 1089 382 1234 39 559 684 488 1144 27 1118 125 974 336 75 557 266 757 604 191 65 1217 1028 1072 984 564 1234 374 497 458 1191 444 387 340 1023 1016 279 661 799 1007 99 438 510 1098 808 194 1185 567 1264 93 497 477 84 982 349 682 60 970 880 1139 806 869 308 1150 487 1056 481 1193 1058 643 157 218 699 877 431 426 1094 1112 176 666 1302 1146 1375 272 527 1102 1072 217 214 948 286 828 789 1113 798 853 1226 967 753 1344 314 1249 344 971 755 171 385 1109 1078 1096 1405 1073 1319 720 1398 188 1199 919 1335 1215 92 503 1123 681 174 1212 1129 155 709 468 1080 550 332 1290 887 985 376 641 820 1070 404 53 1231 107 1285 425 345 1363 420 394 1347 632 1187 653 754 425 170 34 1129 810 
255 255

7 7
1 2 3 4 1 2 1 2
1 2 3 4 5 5 6 6

7 7
1 2 3 4 4 4 4 4
1 2 3 4 2 1 2 1






